0911196130

Hohenlohe 51111 Leodiensis episc. 9, ll, 23, 97, 30, 991
1161166313 973 989, 436, 497, 4119, 466· 41, 69, 61, 74, 131, 136, 140, 197,
Hostet 610199, 910, 997, 964, 976, 978, 980,
1161511661136611663664. ξ 989. 9911, 999, 999, 439, 448, 469,
Hungaria 61 etc. 453, 660,

Hupsen 601. Leumpach 511.

Hupsstein 606, 648. 1 1611116384, 407.

Huss Joannes 69. 80, 181, 184, 187, 1 Lorch 513.

937. lotharingia 475, 477, 479, 491, 494, 648.
6111111113,1ο ’11111111111335 101 1131111161,
1161166 Ulricus 10, 18, 31, 99, 33, 80 993, 660, 666, 556,

103, 110. 136, 131,134. 149, 169, Lubecca 330

164, 166, 167, 168, 169, 160, 169, Luikirch 601.

199, 307, 908, 909, 911 996, 936, Lunreunt 511.

949, 969, 379, 974. 997, 998, 308. Lutherus Μ61116631,9, 6, 6,
1161161601646.19,13,14,16,17,18,99,931*361
1613161614. 96, 98, 99, 31, 99, 33, 36, 36, 38,
Ingolstat 511. 16411, 647. 39, 40, 49, 49, 69, 63, 64, 66, 66.
lnnelthausen 510. 58, 69, 60, 67, 69,7 70 71, 79, 73,
[6611116111 389, 406, 498, 166. 4711. 74, 76, 76, 78,81,96, 87, 88, 9111

486. 607. 91, 99, 94. 95, 96, 97, 101, 109103,
1611161648. 104, 107, 108, 111, 119, 113, 116,
1116 619. ; 116, 117. 118, 119, 190, 191, 1991
11611 115. 1 193, 196, 130, 131, 139, 134, 136,
11611649, 44, 46, 61. ι 136,137, 139, 140, 141. 146, 1461
1111111111 543. ‚ 111,143,151,151,113,155,133,
Joannes Saxoniae 11611606, 545, 648. 169, 160, 161, 169, 164, 166, 166,
ι1011616111311163616678,80,11111161, 1 116, 111, 111. 1131131111, 136,

168, 908, 960, 970, 419, 413, 443. 1 181, 189, 186. 186, 187, 188, 1891
Julianus de Medicis 570 61 seq. 1 190, 194, 196, 196, 198, 901, 9091
11361131 501. 1 1ο1,163.133,331,163,11·1, 113,
Kirchberg 511. , 914, 918, 919, 990, 993, 994, 996,
Kirehen 614. 997, 998, 999, 930, 939, 934, 336,
Κ116111661616111, ἱ 996, 939, 940, 941, 946, 961, 9601
Kislaro 546. ' ’361, 963, 967, 968, 969, 971, 976,
1916161619. 977, 989, 988, 996, 998, 300, 305.

7.,189,

Kleinaeh 511. 307, 349, 361, 967, 376, 398, 490,
Kleissenau 510. 423, 500. 613, 669, 663, 666, 667,
Komberg 969. 1 669, 667. ’

Kungshofen 608, 609, 646. Ι Magdeburgum 969, 391, 399, 409. 418,
Kutzhe 511. 421, 466, 634.

Lahingen 646. ξ Magnus Joannes 303.

Lancheim 610. 1116631611 (comites de) 96916611.
Lanspergium 549. · Marchtelszpach 548.

Lapponia 303. Margareta Archid. 361, 379, 496, 436,
Lausanna 375. ‘ Markdors 501.

Laybach 542. Martech 610.

Ledlitz 510. ¹ Marthal 513.

Leiphaim 609. 646, ’ Marx 510.

Leiterpach 611, Melanchton 1911116616 937.
Lemerszheim 619, 648. 1 Memingen 606, 613, 647, 649.

Leo X. 1, 4, 17, 89. 113, 160, 390, Meran 507

337, 343, 401, 439, 497, 639, 664. 1161116ςὸ09, 647

 

