ο4358719-Ο

Motis 433, 434 1 Ρ55515 510
5115851811513. 1 Pesler Georg 386, 388, 389.
111568 535, 536 1 Petershagen 536.
5115681181 501, 546, 547. 1 Ρ81818585885 507.
51158181585885 506. 1 Psassenhausen 505
51151181 Thomas 505, 506. 548 Psederzheim 546.
5551484 Pighius nib. 588, 888.
Modestus Jo. Ant. 217. 1 Ρ111851851 514.
Mogontia 16, 26, 24, 28, 32, 102, 105, ἱ Pippinus 89
144, 215, 224, 290, 458, 476, 498, Pirckeimer 251, 274.
520, 547. Planckenfels 511.
Mogontinus Cardinalis 11, 17, 23, 26, Planckstetten 513.
29, 30, 32, 33, 41, 46, 49, 57, 84, , Poemer Herb. 386, 388, 389,
126, 136, 142, 153, 167, 168, 203, · Polentinus Episcopus 28, 74, 82, 114.
215, 217, 229, 234, 244, 250, 253, 197, 250, 257.
sss, 881, 888 888, sos. 407, 421, 1 Polonia sss, sss, 888. 449. rso, 118,
426, 428, 465. 485, 536.
,5851585885 506, 548 · Pondors 511.
Mongolt Wolsgangus 15. Principes Germaniae 8. 9, 14, 42, 45,
uorspsrg sor. 1 5, 5181885885,5815,
Morentinus Euboius19. 115, 118, 124, 193, 194, 314, 334,
11858818 511. 4 468, 469. ’
Ν88118185115 508. Ρ1555 511.
18815885 510. 11158818 392, 394, 400, 412, 425, 441,
1181181815 510 442, 448, 449, 462, 463, 464, 484,
Nerling 543. 504
Neuburg 503. Puildors 510.
Neuchilchen 510. Putzer Martinus 156, 159, 237, 238,
1185518588 510, 511. 1 Questembergius 48.
Neustat 508, 511, 512, 546, 547. 1 11561558 Thomas 217
Neuenstifft 506 Rspenech 511.
Nimburg 511. 1181185858 74, 362, 436, 443, 444, 498,
NordJing 502. 520, 531.
Norimberga 251, 274, 279, 305, 313, Rauenspurgen 545.
339, 357, 361, 383, 384, 386, 436, 11865118 511.
443, 498, 512, 514, 521, 532. Regenspurg 510.
05856811 501. Reidseld 510,
058181851811 513. Reisenach 505.
Ochsenhausen 513. Reuehardus 68 Vienech 548
oecolampadius 207, 562. 1185851155831, 101.
offenheim 512. Reussemberg 511.
Onolzpachium 498. 11851115 373.
oppenheim 118. Rhenum 101, 363,
Oringen 508 1158118 502, 512 547.
0118555ςό05. ἱ 1118581815 513.
osnabrugensis 88818815 535, 536. ' Richemburg 513
01185585185 513. Rimperg 510.
01185581685 508. Ι 1115811858 547.
01185581681508. 118581158 68 16818518 138, 139, 155,
Ottingen 503, 547. 210, 226, 232. 241, 265.
Ousperg 514. 1181185818 episcopus 255, 256, 538.
Ρ86815ο585818Ε881. 535. 118158 29, 32, 33, 34, 58, 62, 68, 73,
Ρ81811558818818172, 74, 205, 74, 75, 85, 86, 88, 98, 99, 100, 102,

 

